Validation Accuracy: 0.1196

              precision    recall  f1-score   support

       29002     0.1270    1.0000    0.2254         8
       34342     0.0000    0.0000    0.0000         8
       37990     0.0000    0.0000    0.0000        16
       39916     0.0000    0.0000    0.0000         8
       40122     0.0000    0.0000    0.0000         8
       40720     0.2632    0.6250    0.3704         8
       40767     0.0800    1.0000    0.1481         8
       40792     0.0000    0.0000    0.0000         8
       40837     0.0000    0.0000    0.0000         8
       40949     0.0000    0.0000    0.0000         8
       40953     0.5000    0.1250    0.2000         8
       40990     0.0000    0.0000    0.0000         8
       40991     0.0000    0.0000    0.0000         8
       41097     0.0000    0.0000    0.0000         8
       41107     0.0000    0.0000    0.0000         8
       41169     0.0000    0.0000    0.0000         8
       41170     0.0000    0.0000    0.0000         8
       41172     0.0000    0.0000    0.0000         8
       41207     0.0000    0.0000    0.0000         8
       41225     0.0000    0.0000    0.0000         8
       41327     0.0000    0.0000    0.0000         8
       41344     0.0000    0.0000    0.0000         8

    accuracy                         0.1196       184
   macro avg     0.0441    0.1250    0.0429       184
weighted avg     0.0422    0.1196    0.0410       184
